0 32 26 -8
1 34 26 -18
2 28 40 -14
3 46 34 -12
4 42 50 -12
5 6 58 -10
6 8 48 -12
7 50 34 -8
8 50 28 8
9 52 34 0
10 48 36 12
11 54 20 20
12 40 18 10
13 50 14 6
14 44 14 24
15 34 34 38
16 46 22 32
17 40 30 18
18 46 38 26
19 34 40 26
20 40 48 16
21 40 54 6
22 26 52 14
23 26 52 32
24 24 62 14
25 22 64 -2
26 32 56 -2
27 28 60 -10
28 10 64 6
29 14 48 10
30 8 60 18
31 10 58 26
32 10 42 28
33 12 50 38
34 20 40 40
35 6 34 42
36 16 34 50
37 16 26 56
38 8 16 44
39 8 14 56
40 22 16 56
41 24 0 56
42 12 8 66
43 8 -2 52
44 16 -2 68
45 36 2 52
46 32 10 56
47 40 8 48
48 40 10 36
49 36 24 48
50 42 4 10
51 58 6 6
52 54 0 10
53 56 8 22
54 48 6 32
55 58 0 30
56 40 -14 40
57 54 -4 40
58 50 2 48
59 42 -8 52
60 32 -24 50
61 36 -18 64
62 28 -10 58
63 18 -14 70
64 18 -26 64
65 10 -20 74
66 8 -40 64
67 4 -28 64
68 4 -16 64
69 8 -16 50
70 8 -30 50
71 16 -34 46
72 8 38 0
73 10 38 12
74 8 30 20
75 8 22 28
76 6 10 32
77 6 0 38
78 8 -12 40
79 6 -20 30
80 8 -28 40
81 6 -42 30
82 12 -50 8
83 44 -10 16
84 56 -6 12
85 64 -8 16
86 62 -10 26
87 46 -14 38
88 58 -12 40
89 50 -16 52
90 48 -24 48
91 42 -28 60
92 32 -34 58
93 28 -30 68
94 14 -34 74
95 44 -28 38
96 50 -32 46
97 56 -38 48
98 64 -36 30
99 62 -26 40
100 60 -20 30
101 56 -20 18
102 50 -30 26
103 40 -24 20
104 34 -38 44
105 36 -38 58
106 18 -44 70
107 22 -48 64
108 14 -64 64
109 34 -50 64
110 32 -56 52
111 24 -64 58
112 18 -76 48
113 26 -68 42
114 28 -78 28
115 22 -84 40
116 12 -86 34
117 38 -48 40
118 48 -56 48
119 54 -46 46
120 48 -44 14
121 46 -66 44
122 34 -66 46
123 42 -74 38
124 48 -60 32
125 54 -50 18
126 52 -62 22
127 46 -72 24
128 38 -78 24
129 20 -72 26
130 22 -58 12
131 10 -56 16
132 18 -62 30
133 8 -68 46
134 8 -64 30
135 8 -56 30
136 10 -56 48
137 8 -48 60
138 10 -40 42
139 14 -64 16
140 10 -74 24
141 6 -80 28
142 8 -92 18
143 18 -68 8
144 8 -78 12
145 10 -82 4
146 14 -92 4
147 18 -94 20
148 18 -100 2
149 30 -90 18
150 34 -86 10
151 32 -92 -4
152 20 -92 -10
153 30 -84 -14
154 44 -80 0
155 50 -70 10
156 44 -66 0
157 10 -88 -8
158 16 -72 -8
159 4 -72 4
160 12 -66 -4
161 24 -54 -8
162 14 -58 0
163 22 -52 -2
164 32 -72 -12
165 32 -58 -14
166 48 -62 -14
167 38 -52 -18
168 30 -44 -16
169 40 -40 -22
170 20 -38 -10
171 32 -34 -12
172 58 -38 -20
173 56 -52 -14
174 54 -58 -4
175 58 -54 8
176 64 -44 0
177 66 -32 -4
178 52 -28 -6
179 60 -14 -14
180 64 -24 -12
181 60 -6 -22
182 54 4 -30
183 44 10 -38
184 54 -40 4
185 48 -40 8
186 60 -38 14
187 50 -28 12
188 64 -30 14
189 52 -26 0
190 64 -20 2
191 58 -14 6
192 58 -6 -4
193 50 2 -18
194 54 8 -10
195 46 -12 -4
196 42 4 -20
197 46 -18 8
198 34 -20 16
199 38 -14 8
200 34 2 12
201 40 -6 0
202 38 0 -10
203 36 14 -8
204 32 18 6
205 -32 24 -6
206 -36 26 -16
207 -28 44 -12
208 -42 36 -12
209 -46 42 -12
210 -6 58 -8
211 -10 48 -8
212 -46 40 -2
213 -48 34 4
214 -36 28 4
215 -40 18 10
216 -50 26 20
217 -46 12 20
218 -50 16 6
219 -38 30 16
220 -44 28 30
221 -34 30 42
222 -26 38 32
223 -38 42 26
224 -38 48 6
225 -32 50 22
226 -22 54 26
227 -26 56 10
228 -36 58 0
229 -22 60 -2
230 -12 66 6
231 -12 64 18
232 -8 54 12
233 -8 44 24
234 -8 58 30
235 -10 46 44
236 -6 36 38
237 -8 22 34
238 -6 30 52
239 -16 38 46
240 -20 28 48
241 -20 12 56
242 -10 22 60
243 -8 10 46
244 -6 0 52
245 -6 0 64
246 -22 2 64
247 -16 -4 66
248 -28 22 50
249 -42 18 44
250 -40 12 32
251 -38 4 40
252 -32 8 56
253 -30 -2 50
254 -8 -24 74
255 -16 -28 62
256 -16 -14 70
257 -24 -14 58
258 -30 -14 68
259 -36 -22 62
260 -34 -24 52
261 -42 -8 54
262 -38 -4 48
263 -50 0 46
264 -46 -12 38
265 -58 2 24
266 -54 4 34
267 -48 4 24
268 -58 4 12
269 -48 2 6
270 -4 -22 64
271 -6 -42 66
272 -8 -36 56
273 -4 -22 52
274 -12 -24 44
275 -8 38 -4
276 -8 36 12
277 -6 28 20
278 -6 14 30
279 -4 -4 30
280 -4 -20 32
281 -8 -18 40
282 -6 -32 40
283 -4 -40 28
284 -6 -48 24
285 -12 -52 6
286 -14 -38 74
287 -18 -32 70
288 -28 -32 58
289 -24 -36 66
290 -36 -36 64
291 -46 -32 50
292 -46 -24 60
293 -42 -20 42
294 -54 -20 46
295 -58 -14 38
296 -60 -10 30
297 -60 -10 22
298 -62 -12 16
299 -48 -14 14
300 -40 -30 20
301 -52 -28 20
302 -62 -26 24
303 -54 -24 34
304 -60 -28 38
305 -52 -42 28
306 -60 -48 32
307 -52 -36 48
308 -40 -38 40
309 -50 -48 44
310 -12 -54 68
311 -26 -48 64
312 -32 -38 44
313 -34 -46 54
314 -30 -48 38
315 -26 -62 46
316 -30 -56 58
317 -20 -60 60
318 -20 -68 56
319 -16 -76 46
320 -24 -74 30
321 -18 -84 22
322 -18 -86 36
323 -6 -88 34
324 -34 -84 20
325 -34 -84 32
326 -42 -76 30
327 -50 -66 24
328 -44 -54 26
329 -44 -66 36
330 -34 -72 46
331 -30 -68 34
332 -40 -58 46
333 -52 -56 44
334 -8 -50 62
335 -8 -42 46
336 -8 -46 42
337 -6 -56 54
338 -6 -70 52
339 -6 -56 36
340 -4 -68 30
341 -10 -70 36
342 -18 -70 26
343 -8 -60 18
344 -16 -60 12
345 -10 -74 26
346 -2 -80 22
347 -2 -90 12
348 -6 -86 6
349 -10 -90 0
350 -14 -72 8
351 -12 -98 14
352 -24 -92 18
353 -28 -94 6
354 -12 -98 -12
355 -22 -96 -14
356 -36 -86 2
357 -44 -82 10
358 -48 -72 16
359 -44 -70 -2
360 -42 -82 -10
361 -30 -88 -14
362 -14 -82 -12
363 -4 -88 -10
364 -6 -76 -2
365 -16 -68 -8
366 -10 -64 2
367 -24 -60 2
368 -18 -50 -6
369 -24 -58 -6
370 -28 -68 -12
371 -26 -80 -14
372 -40 -70 -14
373 -40 -54 -18
374 -28 -50 -14
375 -34 -40 -20
376 -24 -34 -16
377 -20 -42 -10
378 -60 -26 -24
379 -56 -46 -18
380 -50 -42 -20
381 -54 -60 -12
382 -48 -62 -2
383 -54 -58 12
384 -60 -58 4
385 -62 -40 -4
386 -60 -24 -10
387 -62 -16 -18
388 -58 -2 -22
389 -48 8 -34
390 -56 -42 8
391 -52 -46 4
392 -50 -50 16
393 -62 -46 18
394 -48 -40 18
395 -46 -30 10
396 -62 -32 12
397 -62 -18 4
398 -54 -22 -2
399 -54 -4 -8
400 -52 -10 -2
401 -50 0 -6
402 -50 10 -16
403 -46 -20 8
404 -38 -28 10
405 -34 -22 16
406 -36 -16 6
407 -38 -4 6
408 -38 -6 -6
409 -38 6 -4
410 -30 16 6
411 -34 16 -8
