53.068493
55.203224
62.027561
58.113171
60.679134
55.895500
55.036766
53.795845
55.227932
57.161980
56.202286
54.585773
61.689014
59.778481
54.356339
57.825424
53.241352
53.467636
58.859108
57.228691
59.113071
59.262753
56.899834
56.997807
55.452194
56.755352
58.106552
60.983757
54.839809
53.147388
53.611919
55.509991
56.308826
56.828365
55.769699
56.321865
56.737885
56.646114
55.481434
55.133850
54.535641
49.214142
53.875996
49.045769
48.061817
51.452938
54.449158
55.458008
53.016521
58.077282
56.536633
61.638279
57.755527
56.456268
59.302013
44.840252
34.137440
46.253586
54.205082
46.278214
32.674046
39.593029
53.120022
43.058922
28.988760
34.828979
33.536545
34.043072
40.156452
43.638680
40.150513
44.978012
47.614285
46.732288
48.338554
54.653442
47.162090
50.437824
55.791470
47.788685
65.748459
57.199081
42.598835
50.620300
52.491734
46.832058
44.943275
41.209072
44.322948
39.215481
37.510757
37.974724
35.858875
35.411961
32.751926
47.331467
55.684349
56.020012
59.019199
54.189663
54.684170
53.888123
53.148182
48.842861
47.082447
45.738884
39.745319
45.844025
48.072826
44.922482
52.011688
48.493084
48.797379
50.775703
52.732197
46.386318
46.015984
59.725952
58.255955
58.011814
59.015350
58.264458
58.441990
58.690006
55.484844
58.512764
56.706326
60.333691
57.480972
54.266792
52.775116
54.542183
51.840237
52.884346
58.868504
62.542381
52.918922
49.363121
61.909992
60.640923
53.630566
49.877224
47.642761
60.815342
56.360279
58.197910
54.304859
47.935738
48.104500
50.990406
52.753616
52.495312
50.967972
51.990601
56.025570
59.415436
55.376900
50.378254
49.239075
55.843189
49.045574
49.203045
49.732368
46.004997
51.771660
52.352093
52.903572
52.113819
51.962616
52.335815
36.952553
47.228668
57.110889
58.129242
58.693985
59.774715
62.829082
66.766747
65.385651
63.971848
64.245743
60.264217
56.738911
52.771732
65.691200
52.939495
56.169563
58.009197
60.465805
53.770573
58.605572
58.743088
57.667778
54.320236
52.747822
47.160053
33.321537
54.410351
45.135159
49.360989
51.394642
47.462067
33.233810
45.273582
54.449955
53.602547
56.885654
63.399639
58.676395
57.525444
57.816792
58.044598
58.685196
57.085182
61.095078
61.987774
56.718155
57.072834
62.997047
53.938110
57.995564
59.828186
57.633377
59.206963
58.573990
61.416557
56.681877
54.665527
61.442280
57.041023
56.070175
55.515923
59.465218
60.634888
54.883133
56.458256
60.845230
62.177124
59.622517
57.709541
58.385551
55.979050
61.114441
57.633888
53.667103
51.863644
53.596004
50.539310
61.954433
56.356045
53.756767
54.355358
57.280300
53.104660
34.102901
29.757254
39.524750
54.949017
45.392918
35.713562
33.683132
47.029850
57.165203
54.223541
41.699909
50.541840
55.706562
59.334282
56.765911
60.788692
38.816124
32.145844
37.026524
46.232964
47.143154
55.869370
49.686935
48.100296
49.833344
53.108318
47.291893
56.711250
62.997471
53.278324
57.759823
45.668682
32.712574
32.501347
38.344807
35.291092
37.685101
40.136345
39.024796
41.229588
44.230759
46.037621
45.791553
46.080971
52.260834
55.980083
50.638733
55.879425
59.715656
55.449654
57.456703
54.588627
61.534332
52.908714
56.547203
58.111618
42.263496
45.932224
47.075096
45.259411
52.241405
51.179276
43.326412
45.988823
46.153057
49.937256
51.267235
54.271652
46.409748
45.950562
59.046673
57.815197
56.878036
58.992538
55.324921
59.800385
58.610485
53.818527
60.120483
57.216137
42.021992
56.027508
57.125481
49.582405
51.443352
58.326439
57.422710
50.193859
49.993664
58.312962
53.128956
54.064278
51.523396
52.734749
55.515816
55.176125
58.119236
47.534042
55.487453
53.948997
49.362240
49.687977
54.743946
57.091373
58.645317
54.547569
53.689644
49.543873
47.205830
49.615227
51.761681
48.183029
53.023354
49.890110
45.129108
50.179001
50.495029
48.935783
52.047672
51.864048
52.324646
51.770714
39.234303
41.532944
61.554192
60.319569
56.935669
61.099270
60.013565
63.291416
64.417847
67.066971
64.482628
63.713867
60.330639
55.660252
57.866642
63.064476
59.260128
61.800327
56.900955
55.807056
59.854565
59.236801
57.689697
57.975952
54.365417
53.139698
51.664211
57.306667
53.910236
47.539253
50.542561
52.758492
42.376179
42.797874
53.110786
49.535053
