32.709106
32.045441
33.612324
31.005013
33.501511
34.281517
36.926086
32.106411
32.450203
32.010895
30.632114
30.048073
41.005302
36.489632
30.102440
31.573479
28.175793
29.857567
31.289570
32.299118
31.746939
32.065247
32.393860
33.166908
33.344715
33.613213
32.624149
34.351616
33.919415
36.444893
34.320583
32.131279
33.424881
30.288712
29.828371
29.516283
27.891785
28.063286
30.507103
28.595226
27.190645
27.141592
27.589125
29.702572
26.756689
26.645813
27.819799
28.222628
27.796354
29.699800
42.819279
38.664692
39.504196
32.877686
33.074348
26.783581
20.372431
26.041101
27.662895
22.344156
17.557262
20.174967
26.288042
23.228760
17.219988
18.873657
22.203892
20.657656
22.212852
28.192902
27.079052
28.589561
41.090797
38.162506
36.502991
38.948486
35.125637
34.198563
37.025143
19.863180
35.149139
24.966469
23.842340
38.760212
36.417713
32.552074
32.310795
22.517126
28.818188
21.525229
26.089340
20.813896
22.965866
19.796812
20.140858
31.012850
33.616375
32.897907
36.607124
35.379921
35.506180
37.093079
33.588802
32.336765
25.848488
26.058495
25.537428
25.883043
24.952652
23.899982
24.534660
24.321754
22.016939
24.543098
23.397367
21.123959
21.036306
27.584501
30.159992
32.078880
34.923885
29.440384
27.152407
30.875776
33.375854
37.323139
33.865704
32.601608
29.155323
24.289871
23.734203
26.888079
24.957035
24.373625
27.490421
29.470129
26.335897
27.946331
32.185928
21.282698
20.866137
21.023817
15.148653
15.018662
11.760013
9.967475
9.431818
16.442646
12.298294
20.605268
23.867987
22.137861
14.457949
22.432888
27.832430
31.805765
32.247414
12.065248
20.939808
13.989990
19.991629
30.241823
19.876215
24.538546
26.005518
31.180946
32.008144
32.705299
36.339485
37.349049
32.771767
45.312195
40.656284
39.186947
38.598110
37.988907
41.750378
42.479279
41.064602
43.020889
42.579178
44.870113
46.175346
50.069107
40.983467
34.707932
35.767471
27.973167
34.390560
37.052711
35.446564
31.473679
38.652081
43.760963
41.564762
38.650532
48.334209
27.063244
32.729118
44.381470
44.989384
53.080837
51.521011
48.093647
43.186424
35.550861
32.531086
37.025887
32.687813
31.778435
33.875893
35.203274
32.072163
31.239422
34.827740
40.406200
30.160797
32.691261
39.287228
29.716736
30.241430
32.152374
33.054302
33.261658
31.905420
33.441978
32.032166
32.599205
33.914993
34.482792
33.732761
33.419083
36.686306
34.979008
32.587307
30.667524
32.177654
33.785614
29.272085
30.537399
29.353489
27.802948
28.544878
30.899426
29.090160
26.403679
27.209860
25.757008
29.973211
28.417559
27.149073
27.692665
26.984833
27.103661
19.996105
16.926449
20.847673
27.175928
22.122059
17.281353
16.652550
23.809999
29.112087
28.111698
23.397318
29.509010
30.856173
33.445778
36.313595
41.246487
22.713520
21.098383
23.517048
27.967552
31.548918
41.861202
38.256912
37.011017
37.701496
36.916859
20.993324
35.898148
35.138828
23.092293
25.648859
23.293678
20.059246
16.757620
17.726858
21.609440
20.905315
24.208107
18.989176
19.623825
26.559904
29.367382
29.124559
29.977507
35.014069
39.058594
31.573250
36.336296
36.408138
34.475582
35.281071
32.521938
35.484787
30.493677
30.831150
30.982500
26.204405
26.122143
26.153778
24.165298
24.564901
24.527386
22.752302
25.392527
23.870056
23.217041
23.030481
21.722065
20.898554
21.037670
28.324274
32.046833
33.864742
35.475540
33.573811
34.555401
29.440582
25.907784
27.696453
31.746391
26.337692
31.546171
30.575191
27.703751
23.625998
28.083460
25.294785
22.248079
21.926580
25.818129
24.378748
21.559408
17.452356
12.205061
10.471825
8.969245
14.682195
15.158031
23.145008
21.757427
11.442823
13.597594
24.162163
28.690132
32.985294
30.915571
25.793329
18.963903
18.772587
11.804749
15.578697
22.782875
15.649187
23.899817
25.601646
28.743317
26.900795
21.955858
27.639059
31.787880
34.633301
40.214775
47.778831
38.865345
42.996971
41.756409
39.983845
39.682022
38.023434
38.452766
40.919140
43.194141
43.348125
44.675518
45.767433
50.415550
36.721294
39.787094
36.425217
37.356125
31.673887
29.108999
33.949474
35.116329
39.195103
44.654232
36.684322
41.639320
45.719101
27.515402
25.266579
31.167709
44.616970
52.930878
55.248688
51.826488
44.059540
49.236637
