1.317668786574359929e+00
1.176354677436600049e+00
-4.914186211144709882e-01
-2.825466662481009861e-01
4.159449265326540246e-01
6.677368823472660253e-01
1.192368885384350041e-01
1.612790098451900023e-01
-3.030307422345630108e+00
-2.712579005977480140e+00
8.757465363496790278e-01
7.945822871051819725e-01
-3.662807733415640032e-01
-2.643663993099699960e-02
7.372556818047369953e-01
9.204963530420440243e-01
4.536289706306749769e-01
1.044161795918610025e+00
-1.070691565065549966e+00
-6.022451088583800072e-01
-7.098922664194029508e-01
-6.687737431499689578e-01
7.711393657486000086e-02
7.830981540210199543e-02
5.491994413197569536e-01
6.828938632781970108e-01
-2.813141843067900050e-01
-3.624714358922089819e-01
3.285964408319009822e-01
5.308621824685719748e-01
1.146848166040290051e+00
1.455048017150520012e+00
-1.663634139995340044e+00
-1.813872241961359988e+00
-2.738310955935109980e+00
-2.207417412599439910e+00
7.972369269719550289e-01
1.070801594205349927e+00
1.038357931781840104e+00
8.187457383778999898e-01
5.871593457250120496e-01
7.920858526945619982e-01
6.338868016011369733e-01
6.917257134611579650e-01
-1.083426015628069949e+00
-1.049612665819289914e+00
5.695706609656440156e-01
2.360929503701720000e-01
-6.255326940014009907e-01
-3.828568535315439725e-01
4.244074427087570212e-01
2.660832728536590142e-01
-8.349733936372889520e-01
9.700177578945400059e-02
7.752439768145279464e-01
9.439657354731689765e-01
3.293282750052139995e-01
6.222119633437469544e-01
-5.503047317585080256e-01
-5.254988654094729927e-01
1.408527286216980090e-01
2.081855662143780039e-01
5.788417947681350206e-01
7.411986886206910485e-01
-1.300614304444200009e+00
-1.478331926963390108e+00
3.283217816037720116e-01
6.350724571713880495e-01
