6.060900000000000176e+01
4.995700000000000074e+01
5.689500000000000313e+01
5.319700000000000273e+01
3.221300000000000097e+01
5.182699999999999818e+01
5.874099999999999966e+01
5.964399999999999835e+01
4.713600000000000279e+01
5.259199999999999875e+01
5.700600000000000023e+01
4.937299999999999756e+01
5.589600000000000080e+01
6.264399999999999835e+01
3.590200000000000102e+01
3.877499999999999858e+01
5.983899999999999864e+01
5.799799999999999756e+01
5.780299999999999727e+01
5.707099999999999795e+01
4.435600000000000165e+01
5.374399999999999977e+01
4.922399999999999665e+01
5.396300000000000097e+01
5.272800000000000153e+01
5.891199999999999903e+01
5.656300000000000239e+01
4.818299999999999983e+01
5.353999999999999915e+01
5.743200000000000216e+01
5.782200000000000273e+01
4.122500000000000142e+01
5.665699999999999648e+01
4.762199999999999989e+01
6.164099999999999824e+01
4.843099999999999739e+01
5.505700000000000216e+01
5.289000000000000057e+01
2.989300000000000068e+01
4.934499999999999886e+01
5.740299999999999869e+01
5.533200000000000074e+01
4.683599999999999852e+01
5.258299999999999841e+01
5.603000000000000114e+01
4.996600000000000108e+01
5.441899999999999693e+01
6.039399999999999835e+01
3.202499999999999858e+01
3.987199999999999989e+01
5.784100000000000108e+01
5.960199999999999676e+01
5.630700000000000216e+01
5.664800000000000324e+01
4.410900000000000176e+01
5.617900000000000205e+01
4.745199999999999818e+01
5.511899999999999977e+01
4.592300000000000182e+01
5.767999999999999972e+01
5.442399999999999949e+01
4.800200000000000244e+01
5.304800000000000182e+01
5.624600000000000222e+01
5.841400000000000148e+01
4.252300000000000324e+01
5.441700000000000159e+01
4.420199999999999818e+01
