0.549199441319757
1.03835793178184
0.875746536349679
0.328596440831901
0.587159345725012
0.797236926971955
0.775243976814528
0.329328275005214
0.415944926532654
-0.625532694001401
-1.66363413999534
-0.834973393637289
-0.491418621114471
0.569570660965644
-0.709892266419403
-1.08342601562807
0.578841794768135
-0.550304731758508
0.737255681804737
0.424407442708757
0.119236888538435
0.633886801601137
0.07711393657486
-0.28131418430679
-0.366280773341564
-2.73831095593511
-3.03030742234563
-1.3006143044442
0.453628970630675
1.14684816604029
1.31766878657436
0.140852728621698
0.328321781603772
-1.07069156506555
0.682893863278197
0.8187457383779
0.794582287105182
0.530862182468572
0.792085852694562
1.07080159420535
0.943965735473169
0.622211963343747
0.667736882347266
-0.382856853531544
-1.81387224196136
0.097001775789454
-0.282546666248101
0.236092950370172
-0.668773743149969
-1.04961266581929
0.741198688620691
-0.525498865409473
0.920496353042044
0.266083272853659
0.16127900984519
0.691725713461158
0.078309815402102
-0.362471435892209
-0.026436639930997
-2.20741741259944
-2.71257900597748
-1.47833192696339
1.04416179591861
1.45504801715052
1.1763546774366
0.208185566214378
0.635072457171388
-0.60224510885838
