0 20 16 -22
1 32 26 -8
2 34 26 -18
3 16 30 -20
4 18 40 -20
5 28 40 -14
6 16 54 -18
7 46 34 -12
8 42 50 -12
9 10 66 -10
10 6 58 -10
11 8 48 -12
12 4 40 -20
13 6 32 -24
14 6 22 -18
15 50 34 -8
16 50 28 8
17 52 34 0
18 48 36 12
19 54 20 20
20 40 18 10
21 50 14 6
22 44 14 24
23 34 34 38
24 46 22 32
25 40 30 18
26 46 38 26
27 34 40 26
28 40 48 16
29 40 54 6
30 26 52 14
31 26 52 32
32 24 62 14
33 22 64 -2
34 32 56 -2
35 28 60 -10
36 10 64 6
37 14 48 10
38 8 60 18
39 10 58 26
40 10 42 28
41 12 50 38
42 20 40 40
43 6 34 42
44 16 34 50
45 16 26 56
46 8 16 44
47 8 14 56
48 22 16 56
49 24 0 56
50 12 8 66
51 8 -2 52
52 16 -2 68
53 36 2 52
54 32 10 56
55 40 8 48
56 40 10 36
57 36 24 48
58 42 4 10
59 58 6 6
60 54 0 10
61 56 8 22
62 48 6 32
63 58 0 30
64 40 -14 40
65 54 -4 40
66 50 2 48
67 42 -8 52
68 32 -24 50
69 36 -18 64
70 28 -10 58
71 18 -14 70
72 18 -26 64
73 10 -20 74
74 8 -40 64
75 4 -28 64
76 4 -16 64
77 8 -16 50
78 8 -30 50
79 16 -34 46
80 8 38 0
81 10 38 12
82 8 30 20
83 8 22 28
84 6 10 32
85 6 0 38
86 8 -12 40
87 6 -20 30
88 8 -28 40
89 6 -42 30
90 12 -50 8
91 44 -10 16
92 56 -6 12
93 64 -8 16
94 62 -10 26
95 46 -14 38
96 58 -12 40
97 50 -16 52
98 48 -24 48
99 42 -28 60
100 32 -34 58
101 28 -30 68
102 14 -34 74
103 44 -28 38
104 50 -32 46
105 56 -38 48
106 64 -36 30
107 62 -26 40
108 60 -20 30
109 56 -20 18
110 50 -30 26
111 40 -24 20
112 34 -38 44
113 36 -38 58
114 18 -44 70
115 22 -48 64
116 14 -64 64
117 34 -50 64
118 32 -56 52
119 24 -64 58
120 18 -76 48
121 26 -68 42
122 28 -78 28
123 22 -84 40
124 12 -86 34
125 38 -48 40
126 48 -56 48
127 54 -46 46
128 48 -44 14
129 46 -66 44
130 34 -66 46
131 42 -74 38
132 48 -60 32
133 54 -50 18
134 52 -62 22
135 46 -72 24
136 38 -78 24
137 20 -72 26
138 22 -58 12
139 10 -56 16
140 18 -62 30
141 8 -68 46
142 8 -64 30
143 8 -56 30
144 10 -56 48
145 8 -48 60
146 10 -40 42
147 14 -64 16
148 10 -74 24
149 6 -80 28
150 8 -92 18
151 18 -68 8
152 8 -78 12
153 10 -82 4
154 14 -92 4
155 18 -94 20
156 18 -100 2
157 30 -90 18
158 34 -86 10
159 32 -92 -4
160 20 -92 -10
161 30 -84 -14
162 44 -80 0
163 50 -70 10
164 44 -66 0
165 10 -88 -8
166 16 -72 -8
167 4 -72 4
168 12 -66 -4
169 24 -54 -8
170 14 -58 0
171 22 -52 -2
172 32 -72 -12
173 32 -58 -14
174 48 -62 -14
175 38 -52 -18
176 30 -44 -16
177 40 -40 -22
178 38 -26 -26
179 32 -6 -40
180 20 -38 -10
181 32 -34 -12
182 28 -22 -24
183 26 -4 -34
184 30 16 -36
185 40 2 -42
186 48 -8 -38
187 56 -16 -30
188 56 -26 -24
189 58 -38 -20
190 56 -52 -14
191 54 -58 -4
192 58 -54 8
193 64 -44 0
194 66 -32 -4
195 52 -28 -6
196 60 -14 -14
197 64 -24 -12
198 60 -6 -22
199 54 4 -30
200 44 10 -38
201 54 -40 4
202 48 -40 8
203 60 -38 14
204 50 -28 12
205 64 -30 14
206 52 -26 0
207 64 -20 2
208 58 -14 6
209 58 -6 -4
210 50 2 -18
211 54 8 -10
212 46 -12 -4
213 42 4 -20
214 44 18 -24
215 46 -18 8
216 34 -20 16
217 38 -14 8
218 34 2 12
219 40 -6 0
220 38 0 -10
221 36 14 -8
222 32 18 6
223 12 -16 6
224 14 10 10
225 26 2 0
226 22 -4 0
227 10 12 -6
228 28 -22 -14
229 24 -4 -20
230 -20 16 -22
231 -18 36 -20
232 -28 24 -20
233 -32 24 -6
234 -36 26 -16
235 -28 44 -12
236 -14 54 -20
237 -42 36 -12
238 -46 42 -12
239 -8 66 -6
240 -6 58 -8
241 -10 48 -8
242 -4 48 -22
243 -6 32 -20
244 -4 22 -20
245 -46 40 -2
246 -48 34 4
247 -36 28 4
248 -40 18 10
249 -50 26 20
250 -46 12 20
251 -50 16 6
252 -38 30 16
253 -44 28 30
254 -34 30 42
255 -26 38 32
256 -38 42 26
257 -38 48 6
258 -32 50 22
259 -22 54 26
260 -26 56 10
261 -36 58 0
262 -24 62 -10
263 -22 60 -2
264 -12 66 6
265 -12 64 18
266 -8 54 12
267 -8 44 24
268 -8 58 30
269 -10 46 44
270 -6 36 38
271 -8 22 34
272 -6 30 52
273 -16 38 46
274 -20 28 48
275 -20 12 56
276 -10 22 60
277 -8 10 46
278 -6 0 52
279 -6 0 64
280 -22 2 64
281 -16 -4 66
282 -28 22 50
283 -42 18 44
284 -40 12 32
285 -38 4 40
286 -32 8 56
287 -30 -2 50
288 -8 -24 74
289 -16 -28 62
290 -16 -14 70
291 -24 -14 58
292 -30 -14 68
293 -36 -22 62
294 -34 -24 52
295 -42 -8 54
296 -38 -4 48
297 -50 0 46
298 -46 -12 38
299 -58 2 24
300 -54 4 34
301 -48 4 24
302 -58 4 12
303 -48 2 6
304 -4 -22 64
305 -6 -42 66
306 -8 -36 56
307 -4 -22 52
308 -12 -24 44
309 -8 38 -4
310 -8 36 12
311 -6 28 20
312 -6 14 30
313 -4 -4 30
314 -4 -20 32
315 -8 -18 40
316 -6 -32 40
317 -4 -40 28
318 -6 -48 24
319 -12 -52 6
320 -14 -38 74
321 -18 -32 70
322 -28 -32 58
323 -24 -36 66
324 -36 -36 64
325 -46 -32 50
326 -46 -24 60
327 -42 -20 42
328 -54 -20 46
329 -58 -14 38
330 -60 -10 30
331 -60 -10 22
332 -62 -12 16
333 -48 -14 14
334 -40 -30 20
335 -52 -28 20
336 -62 -26 24
337 -54 -24 34
338 -60 -28 38
339 -52 -42 28
340 -60 -48 32
341 -52 -36 48
342 -40 -38 40
343 -50 -48 44
344 -12 -54 68
345 -26 -48 64
346 -32 -38 44
347 -34 -46 54
348 -30 -48 38
349 -26 -62 46
350 -30 -56 58
351 -20 -60 60
352 -20 -68 56
353 -16 -76 46
354 -24 -74 30
355 -18 -84 22
356 -18 -86 36
357 -6 -88 34
358 -34 -84 20
359 -34 -84 32
360 -42 -76 30
361 -50 -66 24
362 -44 -54 26
363 -44 -66 36
364 -34 -72 46
365 -30 -68 34
366 -40 -58 46
367 -52 -56 44
368 -8 -50 62
369 -8 -42 46
370 -8 -46 42
371 -6 -56 54
372 -6 -70 52
373 -6 -56 36
374 -4 -68 30
375 -10 -70 36
376 -18 -70 26
377 -8 -60 18
378 -16 -60 12
379 -10 -74 26
380 -2 -80 22
381 -2 -90 12
382 -6 -86 6
383 -10 -90 0
384 -14 -72 8
385 -12 -98 14
386 -24 -92 18
387 -28 -94 6
388 -12 -98 -12
389 -22 -96 -14
390 -36 -86 2
391 -44 -82 10
392 -48 -72 16
393 -44 -70 -2
394 -42 -82 -10
395 -30 -88 -14
396 -14 -82 -12
397 -4 -88 -10
398 -6 -76 -2
399 -16 -68 -8
400 -10 -64 2
401 -24 -60 2
402 -18 -50 -6
403 -24 -58 -6
404 -28 -68 -12
405 -26 -80 -14
406 -40 -70 -14
407 -40 -54 -18
408 -28 -50 -14
409 -34 -40 -20
410 -38 -26 -24
411 -32 -4 -44
412 -30 -22 -26
413 -24 -34 -16
414 -20 -42 -10
415 -26 -8 -34
416 -30 14 -36
417 -42 -2 -42
418 -50 -8 -34
419 -48 -24 -28
420 -60 -26 -24
421 -56 -46 -18
422 -50 -42 -20
423 -54 -60 -12
424 -48 -62 -2
425 -54 -58 12
426 -60 -58 4
427 -62 -40 -4
428 -60 -24 -10
429 -62 -16 -18
430 -58 -2 -22
431 -48 8 -34
432 -56 -42 8
433 -52 -46 4
434 -50 -50 16
435 -62 -46 18
436 -48 -40 18
437 -46 -30 10
438 -62 -32 12
439 -62 -18 4
440 -54 -22 -2
441 -54 -4 -8
442 -52 -10 -2
443 -50 0 -6
444 -50 10 -16
445 -42 12 -24
446 -46 -20 8
447 -38 -28 10
448 -34 -22 16
449 -36 -16 6
450 -38 -4 6
451 -38 -6 -6
452 -38 6 -4
453 -30 16 6
454 -34 16 -8
455 -10 -18 6
456 -14 8 10
457 -26 2 0
458 -20 -6 -2
459 -10 12 -6
460 -26 -22 -14
461 -24 -6 -18
462 0 -30 -32
