1.317668786574358375e+00
1.176354677436598051e+00
-4.914186211144713767e-01
-2.825466662481010971e-01
4.159449265326537470e-01
6.677368823472656922e-01
1.192368885384346433e-01
1.612790098451903908e-01
-3.030307422345631885e+00
-2.712579005977484137e+00
8.757465363496793609e-01
7.945822871051820835e-01
-3.662807733415638367e-01
-2.643663993099663878e-02
7.372556818047373284e-01
9.204963530420440243e-01
4.536289706306751990e-01
1.044161795918608471e+00
-1.070691565065545525e+00
-6.022451088583796741e-01
-7.098922664194031729e-01
-6.687737431499686247e-01
7.711393657485955677e-02
7.830981540210178726e-02
5.491994413197566205e-01
6.828938632781975659e-01
-2.813141843067897829e-01
-3.624714358922093704e-01
3.285964408319013708e-01
5.308621824685721968e-01
1.146848166040286277e+00
1.455048017150515571e+00
-1.663634139995340044e+00
-1.813872241961359100e+00
-2.738310955935105540e+00
-2.207417412599439910e+00
7.972369269719550289e-01
1.070801594205354368e+00
1.038357931781842769e+00
8.187457383778998787e-01
5.871593457250114945e-01
7.920858526945614431e-01
6.338868016011365292e-01
6.917257134611577429e-01
-1.083426015628068839e+00
-1.049612665819293245e+00
5.695706609656441266e-01
2.360929503701720278e-01
-6.255326940014009907e-01
-3.828568535315439725e-01
4.244074427087564660e-01
2.660832728536591252e-01
-8.349733936372891741e-01
9.700177578945394508e-02
7.752439768145281684e-01
9.439657354731687544e-01
3.293282750052143326e-01
6.222119633437465103e-01
-5.503047317585079146e-01
-5.254988654094732148e-01
1.408527286216978425e-01
2.081855662143784758e-01
5.788417947681350206e-01
7.411986886206911596e-01
-1.300614304444195568e+00
-1.478331926963394327e+00
3.283217816037719561e-01
6.350724571713880495e-01
