1.809924898741743560e+00
1.783008407718134292e+00
-1.781078402471480276e-02
3.915322008377958296e-01
-6.820427181349123513e-01
-2.871183336864512881e-01
-1.330896302289121591e+00
-1.178863963442995155e+00
-1.861792842354703104e-01
5.155642212013327175e-01
1.931249554143301683e-01
3.884110096623415997e-01
-9.349479857279505146e-02
2.936936001320504253e-01
1.152144603764065023e+00
1.419800095455613809e+00
1.111076142796324273e+00
1.651876719859415976e+00
2.590939162200438517e-01
4.873129668810993742e-01
-6.153790426328908936e-01
-6.468216124152155189e-01
-8.514159302736926671e-01
-7.821881341344784078e-01
-1.258251140299355419e-01
2.029471501537770395e-01
-1.710305033036185307e+00
-1.616040933836904614e+00
5.678596129701847239e-01
6.243390820903087501e-01
1.771417437746477530e+00
2.158172521730433058e+00
-1.741580754563317068e+00
-1.948919116440355648e+00
-1.268522995406194065e+00
-1.105353233616917175e+00
6.447685738764623309e-02
4.339068867912520000e-01
3.244616188174801463e-01
3.109192682295622290e-01
2.680142416323045076e-02
2.088075039054116122e-01
-2.219151691810182569e+00
-2.166083303798604920e+00
-9.913048434427981226e-01
-1.044865882711194738e+00
6.118444401106886144e-01
2.602633981103366079e-01
-1.283691446367925426e+00
-9.351008269336851253e-01
3.100652488173477606e-01
3.552747190053607285e-01
-3.466030010143311690e-02
5.365012281844409037e-01
1.972801572300697248e-01
5.832465303999828654e-01
-4.317091367628217435e-01
-1.868133715247941307e-01
-4.306783958562734327e-01
-4.009984628091538550e-01
1.068422224330779491e+00
1.272443154250296082e+00
1.273719336574747896e+00
1.373665526128776904e+00
1.842397721209746708e-01
6.646748362551195832e-01
-5.407449031845876775e-01
1.224697588712255966e-02
