   9.1893379e-01   4.2011039e-02   3.9216802e-01
   9.8474955e-01  -1.2198210e-01   1.2405119e-01
  -6.7808840e-01   3.1728065e-01  -6.6296992e-01
  -9.9917919e-01   3.0140355e-03   4.0396340e-02
  -9.9968485e-01   1.0361801e-02   2.2865497e-02
  -9.5672060e-01   9.5146518e-02  -2.7501424e-01
  -9.5947837e-01   4.7333300e-02  -2.7777837e-01
   9.2364818e-01  -1.8862442e-01   3.3360885e-01
   3.3185150e-01   6.2919114e-01  -7.0284643e-01
  -8.7384729e-01   6.8312272e-02  -4.8137754e-01
   7.9081896e-01  -4.4593726e-01  -4.1921990e-01
   3.7047697e-01  -3.1316876e-01   8.7445534e-01
  -3.5650962e-01  -9.3528706e-02   9.2959845e-01
   8.8879509e-01   2.1572718e-01   4.0435761e-01
   5.3630596e-01   6.6447930e-01   5.2042597e-01
  -9.9540426e-01   7.5817870e-02   5.8497972e-02
   4.5213604e-01  -3.6693682e-02   8.9119390e-01
   4.2903756e-01  -6.6332629e-01   6.1312723e-01
   5.8441674e-01  -5.1008134e-01   6.3108961e-01
  -9.2622264e-01  -2.4448888e-01   2.8694392e-01
  -9.9558854e-01   6.8385540e-02  -6.4240708e-02
  -5.1201470e-01  -1.3241722e-01  -8.4870880e-01
  -8.3902401e-02  -9.2676217e-01  -3.6615881e-01
   8.0746111e-01  -5.4881847e-01  -2.1634428e-01
  -8.2568905e-01   3.3792691e-01  -4.5171119e-01
   2.3064703e-01  -3.4682550e-01   9.0912816e-01
  -9.9760144e-01   6.7982072e-02   1.3030952e-02
   9.9208841e-01  -1.0761747e-01   6.4645700e-02
   6.7716927e-01   2.1003940e-01   7.0521290e-01
   9.4127873e-02   5.5882057e-02  -9.9399051e-01
   7.0975623e-01   1.1637730e-01  -6.9476788e-01
  -1.3475195e-01   1.7488758e-01  -9.7532366e-01
   4.7776810e-01  -6.2632090e-01  -6.1600307e-01
   9.8313966e-01  -1.4913666e-01   1.0580484e-01
  -8.2955030e-02   3.8444001e-02  -9.9581149e-01
  -8.9019376e-02   9.9533764e-01   3.7128621e-02
   7.7999012e-01   5.9762283e-01  -1.8564044e-01
  -9.9529037e-01   3.0232320e-02   9.2103709e-02
  -2.2441496e-01  -5.5426373e-01   8.0151709e-01
   5.2883669e-01   1.0554773e-01  -8.4213504e-01
   9.8311739e-01  -1.0735277e-01   1.4817412e-01
   9.9583714e-01   5.0395842e-02   7.5951619e-02
   9.4137029e-01   1.8612664e-01  -2.8138737e-01
   9.4190978e-01   7.5995035e-02  -3.2715550e-01
  -7.7266712e-01  -4.7706177e-01   4.1880496e-01
  -6.2866214e-01   3.2139313e-01  -7.0815985e-01
   8.6569865e-01  -2.5573308e-02  -4.9991185e-01
  -6.7661158e-01  -4.5194774e-01  -5.8132608e-01
  -4.1143184e-02  -3.3191007e-01   9.4241336e-01
   3.0062799e-01   7.1262808e-03   9.5371486e-01
  -9.1146830e-01   1.9062445e-01   3.6453787e-01
  -5.8828181e-01   7.1295594e-01   3.8159971e-01
   9.9174711e-01   1.0171076e-01   7.8055095e-02
  -6.3219843e-01   2.1269645e-01   7.4504051e-01
  -4.2845686e-01  -6.7527456e-01   6.0035738e-01
  -5.3288270e-01  -4.5022250e-01   7.1647451e-01
   9.7627233e-01  -1.2096813e-01   1.7960807e-01
   8.5588491e-01  -4.9240741e-01   1.5810109e-01
   4.1892672e-01   8.9017173e-02  -9.0364614e-01
   6.4113348e-02  -9.2126013e-01  -3.8362645e-01
  -8.3788716e-01  -5.0661225e-01  -2.0319726e-01
   7.9880383e-01   3.4404834e-01  -4.9350094e-01
  -3.5136925e-01  -4.1575827e-01   8.3885918e-01
   9.8699243e-01   5.0005040e-02   1.5279211e-01
  -9.9932240e-01   3.6699196e-02  -2.8127260e-03
  -6.5654856e-01   1.0170019e-01   7.4739618e-01
  -1.7919269e-01   3.1001276e-02  -9.8332543e-01
  -7.5406501e-01   1.9775265e-01  -6.2632248e-01
