6.929573423594128645e-01
4.684622272544094468e-01
-1.006824934278238437e-01
-1.606656305191843659e-01
-5.829036745482129023e-01
-6.423055802464062713e-01
-8.878344260257458043e-01
-1.003605818566922769e+00
2.338483231952828589e+00
3.317578676350476208e+00
3.060761004142064645e-01
2.570414793530448883e-01
1.117809616876361600e+00
1.266685303190054679e+00
-5.511985936193846136e-01
-5.162464684812192450e-01
9.360693576849824504e-01
9.312163539554690894e-01
1.295226491993593410e+00
1.727327814785508009e+00
-3.079815691765238062e-01
-6.311482990732784071e-01
-1.453221828209451560e+00
-1.439810015568183665e+00
-5.519373367323975738e-02
-1.257408871314538712e-01
-1.010768738982332327e+00
-8.988508917545643406e-01
7.953158549992913606e-01
5.475719514694837864e-01
5.706035347349172060e-01
2.579516035913224647e-01
-8.651951606566177233e-01
-1.200845656080554047e+00
1.405124470440072271e+00
2.691079254684336508e+00
2.793707013962885011e-01
2.050453944894418123e-01
-7.426603911453513174e-01
-1.115973192405491199e+00
-3.996345901983235360e-01
-5.004837358440539230e-01
-1.803416631003305515e+00
-2.077353991389313315e+00
-8.190479713170462084e-01
-7.682938987707397249e-01
1.524487040267508420e-01
-1.611784764415163940e-01
-8.709368991547289385e-01
-8.525999176527219170e-01
-3.247629324178212817e-01
-6.010418067632685712e-01
5.232022050419017356e-01
2.581520938924322106e-01
1.157840153688716039e-01
7.555070184141342293e-02
-2.154121228275557298e-01
-3.112993691953279130e-01
-1.075553534520502064e+00
-1.010466801436876061e+00
7.544231135567250890e-01
6.803726515855043067e-01
-2.201844074436860310e-01
-2.783249913788475860e-01
8.129252714677036584e-01
9.477696838682424518e-01
2.349978111454500695e-01
6.202021132771105005e-01
