4.926570589316615068e-01
3.007774685725917441e-01
6.056632767223935065e-01
4.534016426129129362e-01
8.901185797907761321e-01
6.340831787726176616e-01
1.136267988160009956e+00
1.334780390110510417e+00
-1.969821079558262467e+00
-2.055138823849158580e+00
-6.885621708200500013e-01
-3.137147472817892191e-01
-9.189474543885215452e-01
-1.010806501281404479e+00
2.814952081212490631e-01
2.135856602156706863e-01
-6.999416554335993190e-01
-7.648946065182978815e-01
1.670997947712003495e-01
8.170593775423715122e-02
-8.406947417606681627e-01
-7.971940944292806863e-01
-4.700109997029353753e-02
-1.073746092477423641e-01
-7.678137256891427731e-02
-2.916132542937719951e-01
5.380350507742140964e-01
3.794576915963803754e-01
2.614928306831516558e-01
1.567670125297206118e-01
-2.427038687929914396e-01
-3.869383562342572080e-01
-3.825837290335816210e-01
-5.799852069939643862e-01
-2.283234218600456167e+00
-2.378198632595140971e+00
1.405677920770401990e+00
1.247731624055202770e+00
1.445920342584111895e-01
-5.008533051392011215e-01
1.049912349800821598e+00
8.074589748632601260e-01
2.986232645187100854e+00
2.447001541398062141e+00
-1.045362712940928612e-01
-1.499251890455913228e-01
1.754274218937427465e-01
-6.719834674752996583e-03
4.480285719715916826e-01
3.452879741311484230e-01
-1.657876069117033418e-02
5.970151719096541271e-02
4.075303256836532717e-01
1.821939103552720485e-01
1.313612159520604061e+00
8.629258103922563539e-01
5.292203352110319559e-01
4.957415358958847107e-01
-5.689773008016965061e-01
-5.216760265328468371e-01
-4.689432640480307724e-01
-6.320136262778185410e-01
3.802971450576993484e-01
2.479272934473824019e-01
-2.437116252545250994e+00
-2.333530490430002047e+00
7.036722479377905959e-01
4.094384359910184235e-01
