1.247326995851230080e+00
1.465468788334423955e+00
2.767115010583413026e-01
3.267823724354197434e-01
1.230467375701785188e-01
4.341254429568431883e-01
1.085336409640777156e+00
1.586624323620642318e+00
-1.840971694846889273e+00
-1.661051362970214829e+00
-2.443975444818017539e+00
-2.650420473654770070e+00
2.138658437647024055e-02
3.413718146236660589e-02
-1.048959995616403296e+00
-1.218006191159941437e-01
-2.063212111911178481e-01
3.865758913153523046e-01
1.293404503449993248e+00
1.640928574949587215e+00
-6.751124297509383254e-01
-7.080641707861811129e-01
-2.075633343944956355e+00
-5.825284112412312254e-01
-4.935370420771581501e-01
-2.459966720858655920e-01
-2.370752356280244888e-01
-4.398015944395203269e-01
-7.211376275550365755e-02
-1.786489537544505013e-01
3.666693957367656576e-01
1.211699279234333515e+00
-3.582629120325655503e-01
-4.011314021802460106e-01
-1.134259382410464756e+00
-1.740125892635700611e+00
1.215253307756719137e+00
1.291606419264162753e+00
-7.944681071356870516e-01
-2.477640764385473093e-01
8.726258791363267209e-01
1.136101377799575207e+00
1.458108404038726880e+00
1.276505506898641507e+00
-6.020956396363081886e-01
-6.329443933279694789e-01
-4.100855622004623280e-01
1.110787977005647242e-01
-2.284911939724292018e-01
-1.053085361258510044e-01
1.137867948102534221e+00
1.134294180145112740e+00
8.106176673867331317e-01
7.079989462806283163e-01
-1.449171059994745492e-01
4.261501639726468227e-01
3.891358356333455282e-01
4.305984257999743159e-01
-6.355024667746593803e-01
-6.870652787152136121e-01
5.962770765259827188e-01
6.263880258242371379e-01
-2.592938371671006936e-01
-3.538933221447676525e-01
-8.792823807493979071e-01
-1.843524660093049272e+00
8.814576873387500733e-01
1.138138936819757863e+00
