-5.364352902195052009e-01
-2.769441192064032164e-01
8.568223491577807716e-01
1.195808539484001010e+00
-1.384548827333288656e+00
-1.146094321000974636e+00
4.690730240361388748e-01
5.787314081430420254e-01
2.663724606009913121e+00
2.912885720489474917e+00
-8.519035313430811662e-01
-7.000366073115495968e-01
-1.393909219431505309e-01
-2.133355774643561076e-01
-1.082054242912285247e+00
-9.555410173346291502e-01
-9.525085668836125175e-01
-1.055470474766678324e+00
2.380122040972262987e+00
2.650130773180228161e+00
-6.906278223153265727e-02
-1.704214466760351210e-01
-8.372152164317939738e-01
-6.616634800150327234e-01
2.403424965869540852e-01
2.870577015662595377e-01
-5.489517540730631806e-02
-1.226386412568846417e-02
-1.277065733214385046e-01
3.848344930374550388e-02
-7.980531639018479950e-01
-8.242359446105125276e-01
5.124367364310388612e-02
-1.544131087526678936e-01
4.132510992666289518e-01
5.362904444232392542e-01
-5.803759206370281420e-01
-3.104970975304996994e-01
-7.767883577692039632e-01
-7.444175782812446629e-01
-5.790388531609087508e-01
-3.298918025463034587e-01
3.400942754298552084e-01
6.480205302388343247e-01
-5.695416809417787052e-01
-1.841849928561632432e-01
7.852583018001763060e-01
8.950051686262988637e-01
-9.476143378870897083e-01
-6.929623153173436467e-01
-3.321736326903633740e-01
-4.499949233158672679e-01
9.611618611219254760e-01
9.641483627343346852e-01
-9.015620143175944179e-01
-6.242831731220865876e-01
-1.104560301158574731e+00
-9.390489283187688496e-01
-1.222695528087643924e+00
-1.128354425993473020e+00
4.974964077045407329e-01
5.179765188535772058e-01
-8.142346648308238510e-01
-6.325310379627612223e-01
1.712564515106479224e+00
1.896287427489292909e+00
1.170374408639506036e+00
1.206590715911243894e+00
